0	10.0	0.0	20	22.9	1585870.1	320514.8	307471.5	91427.0	9.7	126.6	0.1%	30390.0	16.1%	46887.8	24.8%	111993.0	59.2%	
1	10.0	0.0	20	163.3	1674206.4	408488.4	301243.7	81399.5	8.6	514.0	0.3%	26728.5	14.1%	46881.9	24.8%	112057.0	59.2%	
2	10.0	0.0	20	475.1	1573805.2	316454.7	298116.1	105132.1	11.1	1509.6	0.8%	29361.0	15.5%	46678.7	24.7%	111316.0	58.8%	
3	10.0	0.0	20	173.5	1698895.5	432089.6	302436.1	103551.1	10.9	273.3	0.1%	29836.4	15.8%	46783.5	24.7%	112119.0	59.3%	
4	10.0	0.0	20	684.2	1671436.9	412444.9	295573.2	104124.4	11.0	2232.3	1.2%	24021.6	12.7%	46887.8	24.8%	111467.0	58.9%	
5	10.0	0.0	20	756.9	1671672.7	408113.7	306504.7	119018.8	12.6	2220.3	1.2%	27753.1	14.7%	46713.7	24.7%	111849.0	59.1%	
0	60.0	0.0	20	33.9	1561302.6	285504.8	187964.9	27626.4	0.5	942087.5	83.0%	27645.0	2.4%	47271.9	4.2%	112972.0	10.0%	
1	60.0	0.0	20	60.3	1561762.2	285964.3	186110.1	25726.9	0.5	941837.1	83.0%	25794.5	2.3%	47271.9	4.2%	112972.0	10.0%	
2	60.0	0.0	20	43.3	1553390.3	277592.5	189015.9	28684.6	0.5	929886.2	81.9%	26924.0	2.4%	47271.9	4.2%	112972.0	10.0%	
3	60.0	0.0	20	61.6	1564701.5	288903.7	186344.8	25961.5	0.5	944506.9	83.2%	26116.3	2.3%	47271.9	4.2%	112972.0	10.0%	
4	60.0	0.0	20	73.7	1559410.9	283613.0	189050.9	28719.6	0.5	931621.8	82.1%	27121.9	2.4%	47271.9	4.2%	112972.0	10.0%	
5	60.0	0.0	20	73.7	1559410.9	283613.0	189050.9	28719.6	0.5	931621.8	82.1%	27121.9	2.4%	47271.9	4.2%	112972.0	10.0%	
0	180.0	0.0	20	40.3	1556735.2	282323.3	187735.8	27440.0	0.2	3253865.6	95.5%	27492.0	0.8%	47369.2	1.4%	112870.0	3.3%	
1	180.0	0.0	20	50.8	1546915.1	272503.2	186359.2	26063.4	0.2	3230209.4	94.8%	26115.4	0.8%	47369.2	1.4%	112870.0	3.3%	
2	180.0	0.0	20	43.2	1552025.4	277613.6	187797.5	27501.7	0.2	3257993.4	95.7%	27073.0	0.8%	47369.2	1.4%	112870.0	3.3%	
3	180.0	0.0	20	50.8	1546915.1	272503.2	186359.2	26063.4	0.2	3230209.4	94.8%	26115.4	0.8%	47369.2	1.4%	112870.0	3.3%	
4	180.0	0.0	20	54.0	1554054.4	279642.5	187797.5	27501.7	0.2	3261644.3	95.8%	27073.0	0.8%	47369.2	1.4%	112870.0	3.3%	
5	180.0	0.0	20	54.0	1554054.4	279642.5	187797.5	27501.7	0.2	3261644.3	95.8%	27073.0	0.8%	47369.2	1.4%	112870.0	3.3%	
0	10.0	0.0	40	49.2	1515640.5	240869.6	183767.9	22997.3	2.4	195143.5	51.6%	23599.0	6.2%	47247.2	12.5%	112860.0	29.8%	
1	10.0	0.0	40	204.5	1552992.3	274749.5	180167.9	19262.4	2.0	183861.8	48.6%	19551.0	5.2%	47247.2	12.5%	113164.0	29.9%	
2	10.0	0.0	40	227.5	1472125.1	197813.2	186134.1	25595.0	2.7	168437.6	44.5%	19343.0	5.1%	47194.0	12.5%	112822.0	29.8%	
3	10.0	0.0	40	222.5	1549188.5	273040.7	181495.3	20905.7	2.2	170151.5	45.0%	22174.6	5.9%	47299.5	12.5%	112983.0	29.9%	
4	10.0	0.0	40	480.8	1496843.4	218250.6	186695.5	25213.2	2.7	165317.1	43.7%	18948.1	5.0%	47351.8	12.5%	113203.0	29.9%	
5	10.0	0.0	40	475.0	1487511.1	210445.2	185492.3	24161.7	2.6	173980.3	46.0%	18888.7	5.0%	47299.5	12.5%	113067.0	29.9%	
0	60.0	0.0	40	140.6	1441778.8	165980.9	176826.8	16492.0	0.3	1553915.3	68.4%	16492.0	0.7%	47333.1	2.1%	112972.0	5.0%	
1	60.0	0.0	40	195.7	1447226.0	171428.2	176616.3	16281.5	0.3	1555106.5	68.5%	16281.5	0.7%	47333.1	2.1%	112972.0	5.0%	
2	60.0	0.0	40	172.4	1446756.1	170958.2	178275.1	17940.3	0.3	1526898.4	67.2%	16926.0	0.7%	47333.1	2.1%	112972.0	5.0%	
3	60.0	0.0	40	196.0	1447354.0	171556.2	176589.5	16254.7	0.3	1555123.5	68.5%	16316.5	0.7%	47333.1	2.1%	112972.0	5.0%	
4	60.0	0.0	40	229.9	1448064.1	172266.2	178261.1	17926.3	0.3	1532363.3	67.5%	16912.0	0.7%	47333.1	2.1%	112972.0	5.0%	
5	60.0	0.0	40	229.8	1448064.1	172266.2	178261.1	17926.3	0.3	1532363.3	67.5%	16912.0	0.7%	47333.1	2.1%	112972.0	5.0%	
0	180.0	0.0	40	159.6	1453294.6	178882.8	177900.0	17647.0	0.1	4705880.8	69.1%	17647.0	0.3%	47382.8	0.7%	112870.0	1.7%	
1	180.0	0.0	40	179.9	1451299.7	176887.8	177495.8	17242.8	0.1	4793831.0	70.4%	17242.8	0.3%	47382.8	0.7%	112870.0	1.7%	
2	180.0	0.0	40	168.0	1449963.3	175551.4	177855.6	17602.7	0.1	4801184.3	70.5%	17355.0	0.3%	47382.8	0.7%	112870.0	1.7%	
3	180.0	0.0	40	179.9	1451299.7	176887.8	177495.8	17242.8	0.1	4793831.0	70.4%	17242.8	0.3%	47382.8	0.7%	112870.0	1.7%	
4	180.0	0.0	40	189.4	1450413.3	176001.4	177855.6	17602.7	0.1	4801184.3	70.5%	17355.0	0.3%	47382.8	0.7%	112870.0	1.7%	
5	180.0	0.0	40	189.5	1450413.3	176001.4	177855.6	17602.7	0.1	4801184.3	70.5%	17355.0	0.3%	47382.8	0.7%	112870.0	1.7%	
0	10.0	0.0	60	197.2	1431329.8	158127.0	175475.8	15512.4	1.6	283142.8	49.9%	15702.0	2.8%	47247.5	8.3%	112722.0	19.9%	
1	10.0	0.0	60	449.9	1437724.2	162426.4	172701.9	12539.3	1.3	284332.4	50.1%	12688.9	2.2%	47247.5	8.3%	112903.0	19.9%	
2	10.0	0.0	60	638.1	1411440.9	137670.0	177456.4	17673.0	1.9	250968.2	44.2%	13637.0	2.4%	47247.5	8.3%	112767.0	19.9%	
3	10.0	0.0	60	477.6	1443163.5	167865.7	173649.0	13456.2	1.4	280928.4	49.5%	14040.2	2.5%	47247.5	8.3%	112903.0	19.9%	
4	10.0	0.0	60	1015.2	1427527.0	156160.1	176944.0	17461.6	1.8	257516.0	45.4%	13654.2	2.4%	47247.5	8.3%	112561.0	19.8%	
5	10.0	0.0	60	1019.5	1419588.4	148221.5	176826.3	17357.7	1.8	255963.2	45.1%	13747.9	2.4%	47247.5	8.3%	112561.0	19.8%	
0	60.0	0.0	60	465.5	1395341.2	121229.4	172230.9	12115.0	0.2	2255441.3	66.2%	12115.0	0.4%	47335.2	1.4%	112824.0	3.3%	
1	60.0	0.0	60	572.4	1395403.8	121292.0	171606.2	11446.6	0.2	2340514.6	68.7%	11446.6	0.3%	47335.2	1.4%	112824.0	3.3%	
2	60.0	0.0	60	544.2	1391932.2	117820.4	172532.7	12326.0	0.2	2267620.1	66.6%	11766.0	0.3%	47389.4	1.4%	112824.0	3.3%	
3	60.0	0.0	60	574.0	1395333.8	121222.0	171627.9	11468.2	0.2	2340525.6	68.7%	11490.6	0.3%	47335.2	1.4%	112824.0	3.3%	
4	60.0	0.0	60	652.8	1391932.2	117820.4	172532.7	12326.0	0.2	2269367.4	66.6%	11766.0	0.3%	47389.4	1.4%	112824.0	3.3%	
5	60.0	0.0	60	655.4	1391932.2	117820.4	172532.7	12326.0	0.2	2269367.4	66.6%	11766.0	0.3%	47389.4	1.4%	112824.0	3.3%	
0	180.0	0.0	60	514.6	1395695.8	121283.9	172381.6	12067.0	0.1	7109648.0	69.6%	12067.0	0.1%	47442.6	0.5%	112870.0	1.1%	
1	180.0	0.0	60	541.9	1395995.8	121583.9	172324.2	12009.6	0.1	7114046.1	69.6%	12009.6	0.1%	47442.6	0.5%	112870.0	1.1%	
2	180.0	0.0	60	516.2	1394950.4	120538.6	172501.2	12186.6	0.1	7066138.5	69.2%	12011.0	0.1%	47442.6	0.5%	112870.0	1.1%	
3	180.0	0.0	60	528.3	1395995.8	121583.9	172324.2	12009.6	0.1	7114046.1	69.6%	12009.6	0.1%	47442.6	0.5%	112870.0	1.1%	
4	180.0	0.0	60	553.2	1395250.4	120838.6	172501.2	12186.6	0.1	7066139.4	69.2%	12011.0	0.1%	47442.6	0.5%	112870.0	1.1%	
5	180.0	0.0	60	551.3	1395250.4	120838.6	172501.2	12186.6	0.1	7066139.4	69.2%	12011.0	0.1%	47442.6	0.5%	112870.0	1.1%	
0	10.0	0.5	20	15.2	1542880.6	464308.3	250727.3	91301.8	9.7	1690.5	0.9%	43547.0	23.0%	46912.0	24.8%	96996.0	51.3%	
1	10.0	0.5	20	144.5	1645565.7	574356.7	226932.4	79149.7	8.4	3164.6	1.7%	35831.0	18.9%	46860.2	24.8%	96366.0	50.9%	
2	10.0	0.5	20	213.5	1412975.5	341124.5	221339.9	77317.2	8.2	13800.7	7.3%	32090.0	17.0%	46858.6	24.8%	96433.0	51.0%	
3	10.0	0.5	20	157.8	1634565.7	557897.7	227839.0	80805.6	8.5	5289.4	2.8%	39168.3	20.7%	46806.8	24.7%	96817.0	51.2%	
4	10.0	0.5	20	442.2	1531231.3	464952.3	224986.9	82762.8	8.7	12994.2	6.9%	28325.0	15.0%	46861.6	24.8%	95915.0	50.7%	
5	10.0	0.5	20	457.6	1500650.6	431718.6	223466.6	80203.1	8.5	14160.9	7.5%	31493.7	16.6%	46753.8	24.7%	96149.0	50.8%	
0	60.0	0.5	20	35.4	1330818.8	246806.5	169185.2	24454.9	0.4	938945.4	82.7%	24415.0	2.2%	47309.2	4.2%	97486.0	8.6%	
1	60.0	0.5	20	59.9	1328179.9	244167.7	167400.8	22590.1	0.4	942989.3	83.1%	22637.1	2.0%	47364.5	4.2%	97486.0	8.6%	
2	60.0	0.5	20	44.0	1308253.5	224241.3	168467.7	23696.6	0.4	943195.6	83.1%	22258.0	2.0%	47364.5	4.2%	97486.0	8.6%	
3	60.0	0.5	20	59.8	1328445.5	244433.3	167543.0	22732.3	0.4	941420.7	82.9%	22872.7	2.0%	47364.5	4.2%	97486.0	8.6%	
4	60.0	0.5	20	69.6	1311679.5	227667.3	168357.4	23546.7	0.4	940632.6	82.9%	22226.9	2.0%	47364.5	4.2%	97486.0	8.6%	
5	60.0	0.5	20	69.4	1311679.5	227667.3	168357.4	23546.7	0.4	942207.1	83.0%	22226.9	2.0%	47364.5	4.2%	97486.0	8.6%	
0	180.0	0.5	20	41.4	1294759.3	208283.2	165910.5	20890.0	0.1	3183577.7	93.5%	20890.0	0.6%	47478.0	1.4%	97677.0	2.9%	
1	180.0	0.5	20	50.3	1298747.3	212271.2	165947.5	20927.0	0.1	3159927.0	92.8%	20927.0	0.6%	47478.0	1.4%	97677.0	2.9%	
2	180.0	0.5	20	43.8	1294836.7	208360.6	166165.8	21145.3	0.1	3150156.8	92.5%	20892.0	0.6%	47478.0	1.4%	97677.0	2.9%	
3	180.0	0.5	20	50.2	1298747.3	212271.2	165947.5	20927.0	0.1	3159927.0	92.8%	20927.0	0.6%	47478.0	1.4%	97677.0	2.9%	
4	180.0	0.5	20	52.3	1295906.7	209430.6	166174.9	21154.4	0.1	3150114.8	92.5%	20934.0	0.6%	47478.0	1.4%	97677.0	2.9%	
5	180.0	0.5	20	52.3	1295906.7	209430.6	166174.9	21154.4	0.1	3150114.8	92.5%	20934.0	0.6%	47478.0	1.4%	97677.0	2.9%	
0	10.0	0.5	40	58.5	1245025.3	160038.5	160966.1	15835.1	1.7	212654.7	56.2%	15898.0	4.2%	47206.6	12.5%	97587.0	25.8%	
1	10.0	0.5	40	177.3	1259746.0	173850.2	158616.7	13320.9	1.4	212659.5	56.2%	13406.9	3.5%	47265.1	12.5%	97672.0	25.8%	
2	10.0	0.5	40	197.1	1210453.2	127194.3	161279.1	16631.9	1.8	214257.5	56.6%	12838.0	3.4%	47206.6	12.5%	97443.0	25.7%	
3	10.0	0.5	40	181.6	1244281.4	159345.6	158213.6	13144.1	1.4	213964.1	56.5%	13888.2	3.7%	47206.6	12.5%	97591.0	25.8%	
4	10.0	0.5	40	373.6	1227161.7	143902.9	161170.6	16540.6	1.7	214874.2	56.8%	12676.8	3.3%	47206.6	12.5%	97443.0	25.7%	
5	10.0	0.5	40	378.4	1228219.7	143733.9	161708.2	16924.7	1.8	215339.6	56.9%	13119.7	3.5%	47206.6	12.5%	97544.0	25.8%	
0	60.0	0.5	40	144.5	1175226.4	91214.2	154315.6	9408.0	0.2	2057876.6	90.6%	9455.0	0.4%	47402.0	2.1%	97486.0	4.3%	
1	60.0	0.5	40	175.3	1176589.4	92577.2	154025.9	9118.3	0.2	2066383.0	91.0%	9165.3	0.4%	47402.0	2.1%	97486.0	4.3%	
2	60.0	0.5	40	167.0	1173317.0	89304.8	154409.3	9501.7	0.2	2052595.2	90.4%	9230.0	0.4%	47402.0	2.1%	97486.0	4.3%	
3	60.0	0.5	40	174.8	1176589.4	92577.2	154025.9	9118.3	0.2	2066383.0	91.0%	9165.3	0.4%	47402.0	2.1%	97486.0	4.3%	
4	60.0	0.5	40	200.0	1174128.0	90115.8	154439.3	9531.7	0.2	2052565.2	90.4%	9260.0	0.4%	47402.0	2.1%	97486.0	4.3%	
5	60.0	0.5	40	200.1	1174128.0	90115.8	154439.3	9531.7	0.2	2052565.2	90.4%	9260.0	0.4%	47402.0	2.1%	97486.0	4.3%	
0	180.0	0.5	40	161.9	1171500.0	84314.8	153967.0	8773.0	0.1	6464747.8	94.9%	8773.0	0.1%	47460.7	0.7%	97745.0	1.4%	
1	180.0	0.5	40	172.7	1172200.0	85014.8	153983.0	8789.0	0.1	6464731.8	94.9%	8789.0	0.1%	47460.7	0.7%	97745.0	1.4%	
2	180.0	0.5	40	168.9	1171500.0	84314.8	153967.0	8773.0	0.1	6464747.8	94.9%	8773.0	0.1%	47460.7	0.7%	97745.0	1.4%	
3	180.0	0.5	40	172.7	1172200.0	85014.8	153983.0	8789.0	0.1	6464731.8	94.9%	8789.0	0.1%	47460.7	0.7%	97745.0	1.4%	
4	180.0	0.5	40	179.8	1172200.0	85014.8	153983.0	8789.0	0.1	6464731.8	94.9%	8789.0	0.1%	47460.7	0.7%	97745.0	1.4%	
5	180.0	0.5	40	179.9	1172200.0	85014.8	153983.0	8789.0	0.1	6464731.8	94.9%	8789.0	0.1%	47460.7	0.7%	97745.0	1.4%	
0	10.0	0.5	60	227.7	1155774.7	70787.8	152243.7	7296.0	0.8	409597.2	72.2%	7343.0	1.3%	47140.7	8.3%	97587.0	17.2%	
1	10.0	0.5	60	394.5	1160849.7	75913.9	151387.0	6526.0	0.7	412000.2	72.6%	6573.0	1.2%	47140.7	8.3%	97591.0	17.2%	
2	10.0	0.5	60	538.5	1146469.7	61533.9	152716.4	7822.3	0.8	408023.2	71.9%	6408.0	1.1%	47140.7	8.3%	97591.0	17.2%	
3	10.0	0.5	60	398.3	1161574.7	75678.8	151618.2	6532.2	0.7	405752.3	71.5%	6681.0	1.2%	47140.7	8.3%	97672.0	17.2%	
4	10.0	0.5	60	769.8	1148209.7	63273.9	152656.4	7760.2	0.8	408237.2	71.9%	6255.6	1.1%	47140.7	8.3%	97591.0	17.2%	
5	10.0	0.5	60	775.4	1148390.7	63454.9	152806.5	7910.3	0.8	408223.2	71.9%	6435.2	1.1%	47140.7	8.3%	97591.0	17.2%	
0	60.0	0.5	60	481.3	1134833.1	50820.9	150140.0	5312.0	0.1	3046050.8	89.4%	5359.0	0.2%	47364.5	1.4%	97486.0	2.9%	
1	60.0	0.5	60	538.7	1134985.1	50972.9	150014.0	5186.0	0.1	3044988.2	89.4%	5233.0	0.2%	47364.5	1.4%	97486.0	2.9%	
2	60.0	0.5	60	541.4	1134692.1	50679.9	150240.0	5412.0	0.1	3022962.6	88.8%	5337.0	0.2%	47364.5	1.4%	97486.0	2.9%	
3	60.0	0.5	60	543.6	1134985.1	50972.9	150014.0	5186.0	0.1	3044988.2	89.4%	5233.0	0.2%	47364.5	1.4%	97486.0	2.9%	
4	60.0	0.5	60	609.3	1134762.1	50749.9	150240.0	5412.0	0.1	3021924.7	88.7%	5337.0	0.2%	47364.5	1.4%	97486.0	2.9%	
5	60.0	0.5	60	610.1	1134762.1	50749.9	150240.0	5412.0	0.1	3021924.7	88.7%	5337.0	0.2%	47364.5	1.4%	97486.0	2.9%	
0	180.0	0.5	60	532.2	1135929.1	48743.9	150326.5	5170.0	0.0	9141598.3	89.5%	5170.0	0.1%	47410.2	0.5%	97745.0	1.0%	
1	180.0	0.5	60	550.1	1135802.1	48616.9	150280.9	5124.4	0.0	9169597.6	89.7%	5124.4	0.1%	47410.2	0.5%	97745.0	1.0%	
2	180.0	0.5	60	554.4	1135761.1	48575.9	150340.9	5184.4	0.0	9169611.6	89.7%	5167.0	0.1%	47410.2	0.5%	97745.0	1.0%	
3	180.0	0.5	60	551.3	1135802.1	48616.9	150280.9	5124.4	0.0	9169597.6	89.7%	5124.4	0.1%	47410.2	0.5%	97745.0	1.0%	
4	180.0	0.5	60	570.1	1135761.1	48575.9	150340.9	5184.4	0.0	9169611.6	89.7%	5167.0	0.1%	47410.2	0.5%	97745.0	1.0%	
5	180.0	0.5	60	556.3	1135761.1	48575.9	150340.9	5184.4	0.0	9169611.6	89.7%	5167.0	0.1%	47410.2	0.5%	97745.0	1.0%	
0	10.0	1.0	20	10.8	1351079.8	436922.6	194811.0	61376.9	6.5	17594.3	9.3%	40711.0	21.5%	46903.6	24.8%	83744.0	44.3%	
1	10.0	1.0	20	105.2	1424134.3	511195.1	179661.2	48151.8	5.1	19481.7	10.3%	31529.1	16.7%	47185.4	24.9%	83634.0	44.2%	
2	10.0	1.0	20	125.0	1167976.7	257573.5	176773.8	46417.8	4.9	34025.1	18.0%	24504.0	13.0%	47173.0	24.9%	83394.0	44.1%	
3	10.0	1.0	20	134.0	1406873.2	491498.0	186509.5	54310.7	5.7	18874.0	10.0%	37782.2	20.0%	47026.1	24.9%	83855.0	44.3%	
4	10.0	1.0	20	302.2	1258868.9	345588.7	182897.2	51264.7	5.4	31924.3	16.9%	23702.3	12.5%	47125.5	24.9%	83682.0	44.2%	
5	10.0	1.0	20	295.5	1239393.5	328090.3	179184.4	48840.1	5.2	34058.6	18.0%	24327.4	12.9%	47126.2	24.9%	83479.0	44.1%	
0	60.0	1.0	20	38.3	1099552.9	182174.7	149104.8	17993.0	0.3	936096.9	82.5%	17994.0	1.6%	47325.4	4.2%	84026.0	7.4%	
1	60.0	1.0	20	60.1	1107492.0	190113.8	148821.0	17689.2	0.3	956600.2	84.3%	17728.2	1.6%	47325.4	4.2%	84026.0	7.4%	
2	60.0	1.0	20	45.8	1090237.0	172858.8	149521.5	18410.4	0.3	958552.9	84.4%	17176.0	1.5%	47325.4	4.2%	84026.0	7.4%	
3	60.0	1.0	20	59.5	1099747.0	182368.8	148259.6	17119.5	0.3	962485.6	84.8%	17243.3	1.5%	47325.4	4.2%	84026.0	7.4%	
4	60.0	1.0	20	67.8	1092863.0	175484.8	149481.9	18370.8	0.3	961498.5	84.7%	17170.9	1.5%	47325.4	4.2%	84026.0	7.4%	
5	60.0	1.0	20	67.9	1092863.0	175484.8	149481.9	18370.8	0.3	961498.5	84.7%	17170.9	1.5%	47325.4	4.2%	84026.0	7.4%	
0	180.0	1.0	20	43.1	1101293.9	182047.7	149613.9	17986.0	0.1	2932084.7	86.1%	18025.0	0.5%	47368.9	1.4%	84210.0	2.5%	
1	180.0	1.0	20	50.2	1093325.0	174078.8	148423.2	16795.3	0.1	2905913.6	85.3%	16834.3	0.5%	47368.9	1.4%	84210.0	2.5%	
2	180.0	1.0	20	45.6	1085718.6	166472.4	148546.3	16918.4	0.1	2917952.8	85.7%	16567.0	0.5%	47368.9	1.4%	84210.0	2.5%	
3	180.0	1.0	20	50.3	1093395.0	174148.8	148436.2	16808.3	0.1	2918950.7	85.7%	16865.8	0.5%	47368.9	1.4%	84210.0	2.5%	
4	180.0	1.0	20	52.2	1085788.6	166542.4	148509.0	16881.1	0.1	2919501.8	85.7%	16529.7	0.5%	47368.9	1.4%	84210.0	2.5%	
5	180.0	1.0	20	52.2	1085788.6	166542.4	148509.0	16881.1	0.1	2919501.8	85.7%	16529.7	0.5%	47368.9	1.4%	84210.0	2.5%	
0	10.0	1.0	40	66.9	1055469.0	140611.8	145140.1	14060.6	1.5	210892.5	55.7%	14064.0	3.7%	47296.7	12.5%	83811.0	22.1%	
1	10.0	1.0	40	186.7	1058924.4	143458.2	142663.2	11418.1	1.2	225135.3	59.5%	11427.8	3.0%	47296.7	12.5%	83871.0	22.2%	
2	10.0	1.0	40	189.9	1014415.0	99557.9	143744.7	12716.1	1.3	220171.7	58.2%	10081.0	2.7%	47296.7	12.5%	83811.0	22.1%	
3	10.0	1.0	40	195.1	1055236.3	140379.1	142889.6	11795.4	1.2	223912.3	59.2%	12059.1	3.2%	47296.7	12.5%	83811.0	22.1%	
4	10.0	1.0	40	352.3	1018337.1	103479.9	143597.0	12568.4	1.3	220885.2	58.4%	9792.7	2.6%	47296.7	12.5%	83811.0	22.1%	
5	10.0	1.0	40	352.2	1028005.9	113148.8	143681.1	12652.6	1.3	222685.6	58.8%	10076.8	2.7%	47296.7	12.5%	83811.0	22.1%	
0	60.0	1.0	40	152.2	999310.7	82091.6	139611.8	8396.0	0.1	1795305.3	79.1%	8435.0	0.4%	47338.7	2.1%	84013.0	3.7%	
1	60.0	1.0	40	185.4	999351.7	82132.6	139435.2	8219.4	0.1	1783618.7	78.6%	8258.4	0.4%	47338.7	2.1%	84013.0	3.7%	
2	60.0	1.0	40	171.6	999351.7	82132.6	139815.3	8599.6	0.2	1771455.9	78.0%	8449.0	0.4%	47338.7	2.1%	84013.0	3.7%	
3	60.0	1.0	40	185.9	999351.7	82132.6	139435.2	8219.4	0.1	1783618.7	78.6%	8258.4	0.4%	47338.7	2.1%	84013.0	3.7%	
4	60.0	1.0	40	207.3	999351.7	82132.6	139815.3	8599.6	0.2	1771455.9	78.0%	8449.0	0.4%	47338.7	2.1%	84013.0	3.7%	
5	60.0	1.0	40	207.0	999351.7	82132.6	139815.3	8599.6	0.2	1771455.9	78.0%	8449.0	0.4%	47338.7	2.1%	84013.0	3.7%	
0	180.0	1.0	40	169.1	997042.3	77796.2	139606.3	7965.0	0.0	5584451.7	82.0%	8004.0	0.1%	47399.8	0.7%	84210.0	1.2%	
1	180.0	1.0	40	180.4	1000257.7	81011.6	139681.8	8040.5	0.0	5527074.2	81.1%	8079.5	0.1%	47399.8	0.7%	84210.0	1.2%	
2	180.0	1.0	40	176.6	992597.4	73351.2	139416.3	7775.0	0.0	5574022.9	81.8%	7588.0	0.1%	47399.8	0.7%	84210.0	1.2%	
3	180.0	1.0	40	181.1	997223.3	77977.2	139419.3	7778.0	0.0	5584437.7	82.0%	7819.3	0.1%	47399.8	0.7%	84210.0	1.2%	
4	180.0	1.0	40	186.2	992597.4	73351.2	139416.3	7775.0	0.0	5574022.9	81.8%	7588.0	0.1%	47399.8	0.7%	84210.0	1.2%	
5	180.0	1.0	40	186.3	992597.4	73351.2	139416.3	7775.0	0.0	5574022.9	81.8%	7588.0	0.1%	47399.8	0.7%	84210.0	1.2%	
0	10.0	1.0	60	250.7	977577.4	64247.2	137418.1	6667.9	0.7	380163.8	67.0%	6639.0	1.2%	47189.1	8.3%	83676.0	14.7%	
1	10.0	1.0	60	439.5	980683.5	67353.3	136902.3	6146.2	0.6	377768.7	66.6%	6117.3	1.1%	47189.1	8.3%	83676.0	14.7%	
2	10.0	1.0	60	542.1	968087.5	54757.3	137699.9	6943.8	0.7	387189.2	68.2%	5706.0	1.0%	47189.1	8.3%	83676.0	14.7%	
3	10.0	1.0	60	442.3	978980.4	65650.3	136851.9	6095.9	0.6	378673.1	66.7%	6157.5	1.1%	47189.1	8.3%	83676.0	14.7%	
4	10.0	1.0	60	799.5	968737.5	55407.3	137715.4	6959.3	0.7	384571.6	67.7%	5706.0	1.0%	47189.1	8.3%	83676.0	14.7%	
5	10.0	1.0	60	800.6	968737.5	55407.3	137715.4	6959.3	0.7	384571.6	67.7%	5706.0	1.0%	47189.1	8.3%	83676.0	14.7%	
0	60.0	1.0	60	474.5	962272.1	44443.9	135986.9	4631.0	0.1	2574454.6	75.6%	4670.0	0.1%	47284.2	1.4%	84073.0	2.5%	
1	60.0	1.0	60	520.8	962272.1	44443.9	135906.1	4550.1	0.1	2561641.7	75.2%	4589.1	0.1%	47284.2	1.4%	84073.0	2.5%	
2	60.0	1.0	60	524.3	961563.1	43734.9	135983.9	4628.0	0.1	2549697.9	74.9%	4601.0	0.1%	47284.2	1.4%	84073.0	2.5%	
3	60.0	1.0	60	523.0	962272.1	44443.9	135906.1	4550.1	0.1	2561641.7	75.2%	4589.1	0.1%	47284.2	1.4%	84073.0	2.5%	
4	60.0	1.0	60	581.4	961563.1	43734.9	135983.9	4628.0	0.1	2549697.9	74.9%	4601.0	0.1%	47284.2	1.4%	84073.0	2.5%	
5	60.0	1.0	60	582.6	961563.1	43734.9	135983.9	4628.0	0.1	2549697.9	74.9%	4601.0	0.1%	47284.2	1.4%	84073.0	2.5%	
0	180.0	1.0	60	522.2	962072.1	42825.9	136063.8	4477.0	0.0	7856440.7	76.9%	4516.0	0.0%	47338.4	0.5%	84210.0	0.8%	
1	180.0	1.0	60	539.2	962302.1	43055.9	135967.5	4380.7	0.0	7864738.7	77.0%	4419.7	0.0%	47338.4	0.5%	84210.0	0.8%	
2	180.0	1.0	60	540.7	958104.1	38857.9	135759.9	4173.1	0.0	7975950.4	78.1%	4108.0	0.0%	47338.4	0.5%	84210.0	0.8%	
3	180.0	1.0	60	540.9	962302.1	43055.9	135967.5	4380.7	0.0	7864738.7	77.0%	4419.7	0.0%	47338.4	0.5%	84210.0	0.8%	
4	180.0	1.0	60	556.7	958104.1	38857.9	135759.9	4173.1	0.0	7975950.4	78.1%	4108.0	0.0%	47338.4	0.5%	84210.0	0.8%	
5	180.0	1.0	60	554.6	958104.1	38857.9	135759.9	4173.1	0.0	7975950.4	78.1%	4108.0	0.0%	47338.4	0.5%	84210.0	0.8%	
