obj_func_v = 23000, calc_time = 97.190000

               1      2      3      4      5      6      7      8      9      10
Line 1:    (2,30) (2,35) (0,0) (2,40) (2,45) (2,50) (4,35) (2,50) (4,40) (2,50)
Line 2:    (3,30) (3,35) (4,30) (3,40) (3,45) (0,0) (0,0) (3,50) (3,50) (3,50)
Line 3:    (1,35) (0,0) (1,40) (1,45) (1,40) (0,0) (0,0) (1,50) (4,45) (4,50)

                1        2        3        4        5        6        7        8        9        10
Line 1:     (2,1)    (2,1)    (4,1)    (2,1)    (2,1)    (2,1)    (4,1)    (2,1)    (4,1)    (2,1)
Line 2:     (3,1)    (3,1)    (4,1)    (3,1)    (3,1)    (4,1)    (2,1)    (3,1)    (3,1)    (3,1)
Line 3:     (1,1)    (1,1)    (1,1)    (1,1)    (1,1)    (4,1)    (4,1)    (1,1)    (4,1)    (4,1)
