obj_func_v = 21000, calc_time = 1.440000

               1      2      3      4      5      6      7      8      9      10
Line 1:    (0,0) (0,0) (0,0) (0,0) (0,0) (0,0) (0,0) (0,0) (0,0) (0,0)
Line 2:    (3,30) (3,35) (3,40) (3,45) (0,0) (0,0) (3,50) (0,0) (3,50) (3,50)
Line 3:    (1,35) (1,35) (0,0) (1,40) (1,50) (0,0) (0,0) (1,50) (0,0) (0,0)
Line 4:    (2,50) (2,50) (2,50) (2,50) (2,50) (2,50) (4,50) (4,50) (4,50) (4,50)

                1        2        3        4        5        6        7        8        9        10
Line 1:     (4,1)    (4,1)    (4,1)    (1,1)    (4,1)    (2,1)    (1,1)    (1,1)    (1,1)    (1,1)
Line 2:     (3,1)    (3,1)    (3,1)    (3,1)    (3,1)    (3,1)    (3,1)    (3,1)    (3,1)    (3,1)
Line 3:     (1,1)    (1,1)    (1,1)    (1,1)    (1,1)    (1,1)    (1,1)    (1,1)    (1,1)    (1,1)
Line 4:     (2,1)    (2,1)    (2,1)    (2,1)    (2,1)    (2,1)    (2,1)    (4,1)    (2,1)    (4,1)
