obj_func_v = 27949, calc_time = 5.062000

               1      2      3      4      5      6      7      8      9      10
Line 1:    (2,30) (2,35) (2,35) (2,45) (2,50) (1,35) (1,40) (2,50) (2,50) (4,29)
Line 2:    (3,30) (2,45) (3,35) (3,40) (3,45) (2,50) (3,50) (2,50) (3,50) (3,50)
Line 3:    (1,25) (1,40) (1,45) (4,32) (1,50) (1,45) (4,50) (1,50) (4,39) (4,50)

                1        2        3        4        5        6        7        8        9        10
Line 1:     (2,1)    (2,1)    (2,1)    (2,1)    (2,1)    (1,1)    (1,1)    (2,1)    (2,1)    (1,1)
Line 2:     (3,1)    (2,1)    (3,1)    (3,1)    (3,1)    (2,1)    (3,1)    (2,1)    (3,1)    (3,1)
Line 3:     (1,1)    (1,1)    (1,1)    (1,1)    (1,1)    (1,1)    (4,1)    (1,1)    (4,1)    (4,1)
