obj_func_v = 27950, calc_time = 0.598000

               1      2      3      4      5      6      7      8      9      10
Line 1:    (2,30) (2,35) (2,35) (2,45) (2,50) (4,15) (2,50) (2,50) (1,15) (4,40)
Line 2:    (2,45) (3,30) (3,35) (3,40) (3,45) (3,50) (3,50) (3,50) (2,50) (2,50)
Line 3:    (1,35) (1,40) (1,45) (1,50) (1,50) (1,50) (4,45) (4,50) (1,45) (4,50)

                1        2        3        4        5        6        7        8        9        10
Line 1:     (2,1)    (2,1)    (2,1)    (2,1)    (2,1)    (1,1)    (2,1)    (2,1)    (2,1)    (4,1)
Line 2:     (2,1)    (3,1)    (3,1)    (3,1)    (3,1)    (3,1)    (3,1)    (3,1)    (2,1)    (2,1)
Line 3:     (4,1)    (1,1)    (1,1)    (1,1)    (1,1)    (1,1)    (4,1)    (4,1)    (1,1)    (4,1)
